A=1.0998877665544333
B=3.234567901234568
C=0.6655443322109988
CARGA_OPERACIONAL=75.73
DEWALT_FEE=3
